
; transcription of paper tape from the files of Robert Everett
; transcribed with help from Dorothy, Aug 5, 2019

73
40
0
20
0
0
40
0
74
36
76
06
40
56
26
74
20
13
34
22
00
40
56
00
74
20
13
34
22

; transcribed with help from Denise, Aug 7

04

05
46
04
37
22
02
51
22
04

02
46
50

56
22
02
76
22
04  ; start of photo overlap
30
46
50
56
22
02
74
22
04
14
46  ; end of first Column
; something
; something
; something
; 75
; 22


;second column

;04
;30
;46
;50
;56
;22
;02
;74
;22
;04
;14
;46

16
36
22
52
75
22
52
76
22
02
07
22
02
11
40
00
00
74
20
22
44
50
30
20
26
34
32
00
00
74
20
12
44
26
33
20
26
33
40
00
00
34
02
54
36
00
66
20
00
12
74
20
02
34
14
73
74
20
02
34
52
66
42
00
00
56
00
00
30
26
17
40
26
31
74
20
02
34
04
17
40
26
31
74
20
02
34
04
04
54
26
17
40
16
35
20
00
00
40
26
00
20
00
00
42
16
43
74
00
12
44
26
31
20
00
00
36
00
66
40
26
33
20
00
00
42
50
34
76
00
00
44
50
34
20
00
00
54
26
20
40
16
33
20
00
00
40
16
37
36
02
76
40
16
42
20
00
12
36
46
60
40
26
31
71
20
04
34
04
34
54
26
21
40
16
41
20
26
30
;40
;00

; third column
40
00
00
76
50
70
44
16
30
36
02
76
54
26
22
40
16
40
36
04
27
00
03
00
42
00
00
56
00
00
30
26
22
36
16
00
40
26
34
20
44
33
36
52
71
40
26
37
44
00
00
20
00
00
40
50
36
76
24
64
44
00
01
20
26
33
40
00
16
34
20
14
34
10
56
40
00
00
20
26
30
40
16
31
76
00
12
44
26
33
44
26
30
44
50
56
20
00
12
36
46
60
40
00
16
44
50
24
22
04
76
22
06
21
40
00
00
20
26
30
40
00
22
74
20
11
34
10
11
40
50
36
76
12
20
26
33
40
50
30
76
00
22
44
26
33
44
50
56
20
00
22
40
00
03
74
20
12
20
26
33
42
16
34
76
26
30
44
26
33
20
00
00
40
50
36
76
00
16
20
26
30
40
00
03
44
50
23
22
06
61
22
