; transcription of tape from Debbie's office
; Total length about 10 feet
; Five segments, probably hand-punched (it contains one Del character)
; Mimsy number?
; transcribed by guy, Oct 2021

51
75
40
16
60
22
02
02
32
71
51
23
25
15
45
17
25
15
45
13
25
15
45
33
25
15
45
05

76
25
13
25
51
25
17
15
45
23
17
15
45
27
17
15
45
27
17
15
45
05
17
76
13
25
51
33
17
15
45
25
17
15
45
23
25
15
45
17
25
15
45
05
76
76
13
25
51
27
15
45
03
15
45
13
25

15
45
27
25
15
45
05
13
27
07
25
51
23
17
15
45
03
17
15
45
66
17
15
45
03
17
15
45
05
76
27
07
25

;.
;.
;.

; segment Two
51
75
40
16
60
22
02
02
32
71
51
23
17
15
45
17
17
15
45
66
25
11
45
03
25
15
45
05
13
33
07
25
51
03
25
15
45
03
25
15
45


